EAGLE Version 6.5.0 Copyright (c) 1988-2013 CadSoft
List of signals with length and its max. frequency / current
exported from /home/omar/fablab/PCB Shield/FINAL_1_BLUETOOTH12.brd
at ٨‏/١‏/٢٠١٧ ٣:٢٣ م
Signal	f max. [MHz]	l [mm]	A [mm2]	R [mOhm]	w min [mm]	w max [mm]	Imax [A]
5VSS	   1420.35	211.074	0.021	 172.14	 0.610	 1.422	  1.85
GND2	   1478.56	202.764	0.044	  79.37	 1.270	 1.422	  3.75
N$11	   3968.43	 75.546	0.044	  29.57	 1.270	 1.270	  3.75
N$10	   4585.06	 65.386	0.044	  25.60	 1.270	 1.270	  3.75
N$57	   5416.24	 55.352	0.044	  21.67	 1.270	 1.270	  3.75
US1	   5511.83	 54.392	0.044	  21.29	 1.270	 1.270	  3.75
N$13	   6297.48	 47.606	0.044	  18.64	 1.270	 1.270	  3.75
N$1	   7868.77	 38.100	0.044	  14.91	 1.270	 1.270	  3.75
N$12	   8193.72	 36.589	0.044	  14.32	 1.270	 1.270	  3.75
SGN6	   8193.72	 36.589	0.044	  14.32	 1.270	 1.270	  3.75
US6	   9415.75	 31.840	0.044	  12.46	 1.270	 1.270	  3.75
US4	   9643.60	 31.088	0.044	  12.17	 1.270	 1.270	  3.75
US2	  10082.04	 29.736	0.044	  11.64	 1.270	 1.270	  3.75
N$8	  10730.14	 27.940	0.050	   9.77	 1.422	 1.422	  4.20
US3	  10814.48	 27.722	0.044	  10.85	 1.270	 1.270	  3.75
US5	  10900.15	 27.504	0.044	  10.77	 1.270	 1.270	  3.75
N$6	  12424.37	 24.130	0.044	   9.45	 1.270	 1.270	  3.75
N$2	  12641.34	 23.716	0.044	   9.28	 1.270	 1.270	  3.75
N$5	  26738.96	 11.212	0.044	   4.39	 1.270	 1.270	  3.75
N$4	  29507.87	 10.160	0.044	   3.98	 1.270	 1.270	  3.75
N$9	  29507.87	 10.160	0.044	   3.98	 1.270	 1.270	  3.75
N$33	  29507.87	 10.160	0.044	   3.98	 1.270	 1.270	  3.75
N$7	  30154.59	  9.942	0.044	   3.89	 1.270	 1.270	  3.75
5V2	  39343.83	  7.620	0.044	   2.98	 1.270	 1.270	  3.75
N$24	  39343.83	  7.620	0.044	   2.98	 1.270	 1.270	  3.75
N$38	  47212.60	  6.350	0.044	   2.49	 1.270	 1.270	  3.75
N$44	  47212.60	  6.350	0.044	   2.49	 1.270	 1.270	  3.75
N$45	  47212.60	  6.350	0.044	   2.49	 1.270	 1.270	  3.75
N$46	  47212.60	  6.350	0.044	   2.49	 1.270	 1.270	  3.75
N$47	  47212.60	  6.350	0.044	   2.49	 1.270	 1.270	  3.75
N$48	  47212.60	  6.350	0.044	   2.49	 1.270	 1.270	  3.75
N$49	  47212.60	  6.350	0.044	   2.49	 1.270	 1.270	  3.75
N$58	  47212.60	  6.350	0.044	   2.49	 1.270	 1.270	  3.75
N$3	  59015.75	  5.080	0.044	   1.99	 1.270	 1.270	  3.75
